Analyzing cut site: G|GATCC
Total cut sites found: 270
Cut site pairs 80-120 kbp apart: 2626
All pairs:
1. 366 - 81806
2. 366 - 89030
3. 366 - 91499
4. 366 - 92112
5. 366 - 102642
6. 366 - 103289
7. 366 - 104642
8. 366 - 104750
9. 366 - 109116
10. 366 - 110683
11. 366 - 113552
12. 366 - 114517
13. 366 - 115137
14. 366 - 115239
15. 366 - 118124
16. 3973 - 89030
17. 3973 - 91499
18. 3973 - 92112
19. 3973 - 102642
20. 3973 - 103289
21. 3973 - 104642
22. 3973 - 104750
23. 3973 - 109116
24. 3973 - 110683
25. 3973 - 113552
26. 3973 - 114517
27. 3973 - 115137
28. 3973 - 115239
29. 3973 - 118124
30. 5264 - 89030
31. 5264 - 91499
32. 5264 - 92112
33. 5264 - 102642
34. 5264 - 103289
35. 5264 - 104642
36. 5264 - 104750
37. 5264 - 109116
38. 5264 - 110683
39. 5264 - 113552
40. 5264 - 114517
41. 5264 - 115137
42. 5264 - 115239
43. 5264 - 118124
44. 5264 - 124269
45. 12764 - 102642
46. 12764 - 103289
47. 12764 - 104642
48. 12764 - 104750
49. 12764 - 109116
50. 12764 - 110683
51. 12764 - 113552
52. 12764 - 114517
53. 12764 - 115137
54. 12764 - 115239
55. 12764 - 118124
56. 12764 - 124269
57. 13934 - 102642
58. 13934 - 103289
59. 13934 - 104642
60. 13934 - 104750
61. 13934 - 109116
62. 13934 - 110683
63. 13934 - 113552
64. 13934 - 114517
65. 13934 - 115137
66. 13934 - 115239
67. 13934 - 118124
68. 13934 - 124269
69. 15216 - 102642
70. 15216 - 103289
71. 15216 - 104642
72. 15216 - 104750
73. 15216 - 109116
74. 15216 - 110683
75. 15216 - 113552
76. 15216 - 114517
77. 15216 - 115137
78. 15216 - 115239
79. 15216 - 118124
80. 15216 - 124269
81. 22551 - 102642
82. 22551 - 103289
83. 22551 - 104642
84. 22551 - 104750
85. 22551 - 109116
86. 22551 - 110683
87. 22551 - 113552
88. 22551 - 114517
89. 22551 - 115137
90. 22551 - 115239
91. 22551 - 118124
92. 22551 - 124269
93. 22551 - 137662
94. 23210 - 103289
95. 23210 - 104642
96. 23210 - 104750
97. 23210 - 109116
98. 23210 - 110683
99. 23210 - 113552
100. 23210 - 114517
101. 23210 - 115137
102. 23210 - 115239
103. 23210 - 118124
104. 23210 - 124269
105. 23210 - 137662
106. 27693 - 109116
107. 27693 - 110683
108. 27693 - 113552
109. 27693 - 114517
110. 27693 - 115137
111. 27693 - 115239
112. 27693 - 118124
113. 27693 - 124269
114. 27693 - 137662
115. 27693 - 144060
116. 27693 - 144458
117. 27693 - 145417
118. 27693 - 146082
119. 37194 - 118124
120. 37194 - 124269
121. 37194 - 137662
122. 37194 - 144060
123. 37194 - 144458
124. 37194 - 145417
125. 37194 - 146082
126. 37194 - 150207
127. 37194 - 150227
128. 37194 - 152723
129. 40490 - 124269
130. 40490 - 137662
131. 40490 - 144060
132. 40490 - 144458
133. 40490 - 145417
134. 40490 - 146082
135. 40490 - 150207
136. 40490 - 150227
137. 40490 - 152723
138. 40490 - 159242
139. 40490 - 160113
140. 47384 - 137662
141. 47384 - 144060
142. 47384 - 144458
143. 47384 - 145417
144. 47384 - 146082
145. 47384 - 150207
146. 47384 - 150227
147. 47384 - 152723
148. 47384 - 159242
149. 47384 - 160113
150. 47384 - 161918
151. 47384 - 164377
152. 50361 - 137662
153. 50361 - 144060
154. 50361 - 144458
155. 50361 - 145417
156. 50361 - 146082
157. 50361 - 150207
158. 50361 - 150227
159. 50361 - 152723
160. 50361 - 159242
161. 50361 - 160113
162. 50361 - 161918
163. 50361 - 164377
164. 53933 - 137662
165. 53933 - 144060
166. 53933 - 144458
167. 53933 - 145417
168. 53933 - 146082
169. 53933 - 150207
170. 53933 - 150227
171. 53933 - 152723
172. 53933 - 159242
173. 53933 - 160113
174. 53933 - 161918
175. 53933 - 164377
176. 57259 - 137662
177. 57259 - 144060
178. 57259 - 144458
179. 57259 - 145417
180. 57259 - 146082
181. 57259 - 150207
182. 57259 - 150227
183. 57259 - 152723
184. 57259 - 159242
185. 57259 - 160113
186. 57259 - 161918
187. 57259 - 164377
188. 57259 - 174615
189. 59973 - 144060
190. 59973 - 144458
191. 59973 - 145417
192. 59973 - 146082
193. 59973 - 150207
194. 59973 - 150227
195. 59973 - 152723
196. 59973 - 159242
197. 59973 - 160113
198. 59973 - 161918
199. 59973 - 164377
200. 59973 - 174615
201. 65718 - 146082
202. 65718 - 150207
203. 65718 - 150227
204. 65718 - 152723
205. 65718 - 159242
206. 65718 - 160113
207. 65718 - 161918
208. 65718 - 164377
209. 65718 - 174615
210. 65718 - 180328
211. 74701 - 159242
212. 74701 - 160113
213. 74701 - 161918
214. 74701 - 164377
215. 74701 - 174615
216. 74701 - 180328
217. 74701 - 186761
218. 74701 - 191457
219. 74701 - 194535
220. 76382 - 159242
221. 76382 - 160113
222. 76382 - 161918
223. 76382 - 164377
224. 76382 - 174615
225. 76382 - 180328
226. 76382 - 186761
227. 76382 - 191457
228. 76382 - 194535
229. 76382 - 195965
230. 76481 - 159242
231. 76481 - 160113
232. 76481 - 161918
233. 76481 - 164377
234. 76481 - 174615
235. 76481 - 180328
236. 76481 - 186761
237. 76481 - 191457
238. 76481 - 194535
239. 76481 - 195965
240. 79159 - 159242
241. 79159 - 160113
242. 79159 - 161918
243. 79159 - 164377
244. 79159 - 174615
245. 79159 - 180328
246. 79159 - 186761
247. 79159 - 191457
248. 79159 - 194535
249. 79159 - 195965
250. 79159 - 197196
251. 79159 - 197533
252. 79225 - 159242
253. 79225 - 160113
254. 79225 - 161918
255. 79225 - 164377
256. 79225 - 174615
257. 79225 - 180328
258. 79225 - 186761
259. 79225 - 191457
260. 79225 - 194535
261. 79225 - 195965
262. 79225 - 197196
263. 79225 - 197533
264. 81806 - 161918
265. 81806 - 164377
266. 81806 - 174615
267. 81806 - 180328
268. 81806 - 186761
269. 81806 - 191457
270. 81806 - 194535
271. 81806 - 195965
272. 81806 - 197196
273. 81806 - 197533
274. 81806 - 201412
275. 89030 - 174615
276. 89030 - 180328
277. 89030 - 186761
278. 89030 - 191457
279. 89030 - 194535
280. 89030 - 195965
281. 89030 - 197196
282. 89030 - 197533
283. 89030 - 201412
284. 89030 - 206845
285. 91499 - 174615
286. 91499 - 180328
287. 91499 - 186761
288. 91499 - 191457
289. 91499 - 194535
290. 91499 - 195965
291. 91499 - 197196
292. 91499 - 197533
293. 91499 - 201412
294. 91499 - 206845
295. 92112 - 174615
296. 92112 - 180328
297. 92112 - 186761
298. 92112 - 191457
299. 92112 - 194535
300. 92112 - 195965
301. 92112 - 197196
302. 92112 - 197533
303. 92112 - 201412
304. 92112 - 206845
305. 92112 - 211754
306. 102642 - 186761
307. 102642 - 191457
308. 102642 - 194535
309. 102642 - 195965
310. 102642 - 197196
311. 102642 - 197533
312. 102642 - 201412
313. 102642 - 206845
314. 102642 - 211754
315. 102642 - 215127
316. 102642 - 216258
317. 102642 - 218562
318. 102642 - 220674
319. 103289 - 186761
320. 103289 - 191457
321. 103289 - 194535
322. 103289 - 195965
323. 103289 - 197196
324. 103289 - 197533
325. 103289 - 201412
326. 103289 - 206845
327. 103289 - 211754
328. 103289 - 215127
329. 103289 - 216258
330. 103289 - 218562
331. 103289 - 220674
332. 104642 - 186761
333. 104642 - 191457
334. 104642 - 194535
335. 104642 - 195965
336. 104642 - 197196
337. 104642 - 197533
338. 104642 - 201412
339. 104642 - 206845
340. 104642 - 211754
341. 104642 - 215127
342. 104642 - 216258
343. 104642 - 218562
344. 104642 - 220674
345. 104642 - 223961
346. 104642 - 224107
347. 104750 - 186761
348. 104750 - 191457
349. 104750 - 194535
350. 104750 - 195965
351. 104750 - 197196
352. 104750 - 197533
353. 104750 - 201412
354. 104750 - 206845
355. 104750 - 211754
356. 104750 - 215127
357. 104750 - 216258
358. 104750 - 218562
359. 104750 - 220674
360. 104750 - 223961
361. 104750 - 224107
362. 109116 - 191457
363. 109116 - 194535
364. 109116 - 195965
365. 109116 - 197196
366. 109116 - 197533
367. 109116 - 201412
368. 109116 - 206845
369. 109116 - 211754
370. 109116 - 215127
371. 109116 - 216258
372. 109116 - 218562
373. 109116 - 220674
374. 109116 - 223961
375. 109116 - 224107
376. 109116 - 225201
377. 109116 - 227553
378. 110683 - 191457
379. 110683 - 194535
380. 110683 - 195965
381. 110683 - 197196
382. 110683 - 197533
383. 110683 - 201412
384. 110683 - 206845
385. 110683 - 211754
386. 110683 - 215127
387. 110683 - 216258
388. 110683 - 218562
389. 110683 - 220674
390. 110683 - 223961
391. 110683 - 224107
392. 110683 - 225201
393. 110683 - 227553
394. 113552 - 194535
395. 113552 - 195965
396. 113552 - 197196
397. 113552 - 197533
398. 113552 - 201412
399. 113552 - 206845
400. 113552 - 211754
401. 113552 - 215127
402. 113552 - 216258
403. 113552 - 218562
404. 113552 - 220674
405. 113552 - 223961
406. 113552 - 224107
407. 113552 - 225201
408. 113552 - 227553
409. 113552 - 230810
410. 114517 - 194535
411. 114517 - 195965
412. 114517 - 197196
413. 114517 - 197533
414. 114517 - 201412
415. 114517 - 206845
416. 114517 - 211754
417. 114517 - 215127
418. 114517 - 216258
419. 114517 - 218562
420. 114517 - 220674
421. 114517 - 223961
422. 114517 - 224107
423. 114517 - 225201
424. 114517 - 227553
425. 114517 - 230810
426. 115137 - 195965
427. 115137 - 197196
428. 115137 - 197533
429. 115137 - 201412
430. 115137 - 206845
431. 115137 - 211754
432. 115137 - 215127
433. 115137 - 216258
434. 115137 - 218562
435. 115137 - 220674
436. 115137 - 223961
437. 115137 - 224107
438. 115137 - 225201
439. 115137 - 227553
440. 115137 - 230810
441. 115239 - 195965
442. 115239 - 197196
443. 115239 - 197533
444. 115239 - 201412
445. 115239 - 206845
446. 115239 - 211754
447. 115239 - 215127
448. 115239 - 216258
449. 115239 - 218562
450. 115239 - 220674
451. 115239 - 223961
452. 115239 - 224107
453. 115239 - 225201
454. 115239 - 227553
455. 115239 - 230810
456. 118124 - 201412
457. 118124 - 206845
458. 118124 - 211754
459. 118124 - 215127
460. 118124 - 216258
461. 118124 - 218562
462. 118124 - 220674
463. 118124 - 223961
464. 118124 - 224107
465. 118124 - 225201
466. 118124 - 227553
467. 118124 - 230810
468. 124269 - 206845
469. 124269 - 211754
470. 124269 - 215127
471. 124269 - 216258
472. 124269 - 218562
473. 124269 - 220674
474. 124269 - 223961
475. 124269 - 224107
476. 124269 - 225201
477. 124269 - 227553
478. 124269 - 230810
479. 137662 - 218562
480. 137662 - 220674
481. 137662 - 223961
482. 137662 - 224107
483. 137662 - 225201
484. 137662 - 227553
485. 137662 - 230810
486. 137662 - 254548
487. 137662 - 255700
488. 137662 - 256869
489. 137662 - 257256
490. 144060 - 224107
491. 144060 - 225201
492. 144060 - 227553
493. 144060 - 230810
494. 144060 - 254548
495. 144060 - 255700
496. 144060 - 256869
497. 144060 - 257256
498. 144458 - 225201
499. 144458 - 227553
500. 144458 - 230810
501. 144458 - 254548
502. 144458 - 255700
503. 144458 - 256869
504. 144458 - 257256
505. 145417 - 227553
506. 145417 - 230810
507. 145417 - 254548
508. 145417 - 255700
509. 145417 - 256869
510. 145417 - 257256
511. 145417 - 264908
512. 146082 - 227553
513. 146082 - 230810
514. 146082 - 254548
515. 146082 - 255700
516. 146082 - 256869
517. 146082 - 257256
518. 146082 - 264908
519. 150207 - 230810
520. 150207 - 254548
521. 150207 - 255700
522. 150207 - 256869
523. 150207 - 257256
524. 150207 - 264908
525. 150207 - 267431
526. 150227 - 230810
527. 150227 - 254548
528. 150227 - 255700
529. 150227 - 256869
530. 150227 - 257256
531. 150227 - 264908
532. 150227 - 267431
533. 152723 - 254548
534. 152723 - 255700
535. 152723 - 256869
536. 152723 - 257256
537. 152723 - 264908
538. 152723 - 267431
539. 159242 - 254548
540. 159242 - 255700
541. 159242 - 256869
542. 159242 - 257256
543. 159242 - 264908
544. 159242 - 267431
545. 159242 - 273351
546. 159242 - 279207
547. 160113 - 254548
548. 160113 - 255700
549. 160113 - 256869
550. 160113 - 257256
551. 160113 - 264908
552. 160113 - 267431
553. 160113 - 273351
554. 160113 - 279207
555. 161918 - 254548
556. 161918 - 255700
557. 161918 - 256869
558. 161918 - 257256
559. 161918 - 264908
560. 161918 - 267431
561. 161918 - 273351
562. 161918 - 279207
563. 161918 - 280237
564. 164377 - 254548
565. 164377 - 255700
566. 164377 - 256869
567. 164377 - 257256
568. 164377 - 264908
569. 164377 - 267431
570. 164377 - 273351
571. 164377 - 279207
572. 164377 - 280237
573. 164377 - 282829
574. 164377 - 283673
575. 174615 - 255700
576. 174615 - 256869
577. 174615 - 257256
578. 174615 - 264908
579. 174615 - 267431
580. 174615 - 273351
581. 174615 - 279207
582. 174615 - 280237
583. 174615 - 282829
584. 174615 - 283673
585. 174615 - 285793
586. 174615 - 286452
587. 174615 - 287780
588. 174615 - 290936
589. 174615 - 294100
590. 180328 - 264908
591. 180328 - 267431
592. 180328 - 273351
593. 180328 - 279207
594. 180328 - 280237
595. 180328 - 282829
596. 180328 - 283673
597. 180328 - 285793
598. 180328 - 286452
599. 180328 - 287780
600. 180328 - 290936
601. 180328 - 294100
602. 186761 - 267431
603. 186761 - 273351
604. 186761 - 279207
605. 186761 - 280237
606. 186761 - 282829
607. 186761 - 283673
608. 186761 - 285793
609. 186761 - 286452
610. 186761 - 287780
611. 186761 - 290936
612. 186761 - 294100
613. 186761 - 302564
614. 191457 - 273351
615. 191457 - 279207
616. 191457 - 280237
617. 191457 - 282829
618. 191457 - 283673
619. 191457 - 285793
620. 191457 - 286452
621. 191457 - 287780
622. 191457 - 290936
623. 191457 - 294100
624. 191457 - 302564
625. 194535 - 279207
626. 194535 - 280237
627. 194535 - 282829
628. 194535 - 283673
629. 194535 - 285793
630. 194535 - 286452
631. 194535 - 287780
632. 194535 - 290936
633. 194535 - 294100
634. 194535 - 302564
635. 195965 - 279207
636. 195965 - 280237
637. 195965 - 282829
638. 195965 - 283673
639. 195965 - 285793
640. 195965 - 286452
641. 195965 - 287780
642. 195965 - 290936
643. 195965 - 294100
644. 195965 - 302564
645. 197196 - 279207
646. 197196 - 280237
647. 197196 - 282829
648. 197196 - 283673
649. 197196 - 285793
650. 197196 - 286452
651. 197196 - 287780
652. 197196 - 290936
653. 197196 - 294100
654. 197196 - 302564
655. 197533 - 279207
656. 197533 - 280237
657. 197533 - 282829
658. 197533 - 283673
659. 197533 - 285793
660. 197533 - 286452
661. 197533 - 287780
662. 197533 - 290936
663. 197533 - 294100
664. 197533 - 302564
665. 201412 - 282829
666. 201412 - 283673
667. 201412 - 285793
668. 201412 - 286452
669. 201412 - 287780
670. 201412 - 290936
671. 201412 - 294100
672. 201412 - 302564
673. 206845 - 287780
674. 206845 - 290936
675. 206845 - 294100
676. 206845 - 302564
677. 206845 - 324838
678. 211754 - 294100
679. 211754 - 302564
680. 211754 - 324838
681. 215127 - 302564
682. 215127 - 324838
683. 216258 - 302564
684. 216258 - 324838
685. 218562 - 302564
686. 218562 - 324838
687. 220674 - 302564
688. 220674 - 324838
689. 220674 - 339269
690. 223961 - 324838
691. 223961 - 339269
692. 224107 - 324838
693. 224107 - 339269
694. 225201 - 324838
695. 225201 - 339269
696. 225201 - 345055
697. 227553 - 324838
698. 227553 - 339269
699. 227553 - 345055
700. 230810 - 324838
701. 230810 - 339269
702. 230810 - 345055
703. 230810 - 348321
704. 230810 - 349848
705. 254548 - 339269
706. 254548 - 345055
707. 254548 - 348321
708. 254548 - 349848
709. 254548 - 351056
710. 254548 - 351389
711. 254548 - 352174
712. 254548 - 356495
713. 254548 - 360205
714. 254548 - 363521
715. 254548 - 364849
716. 254548 - 373105
717. 255700 - 339269
718. 255700 - 345055
719. 255700 - 348321
720. 255700 - 349848
721. 255700 - 351056
722. 255700 - 351389
723. 255700 - 352174
724. 255700 - 356495
725. 255700 - 360205
726. 255700 - 363521
727. 255700 - 364849
728. 255700 - 373105
729. 256869 - 339269
730. 256869 - 345055
731. 256869 - 348321
732. 256869 - 349848
733. 256869 - 351056
734. 256869 - 351389
735. 256869 - 352174
736. 256869 - 356495
737. 256869 - 360205
738. 256869 - 363521
739. 256869 - 364849
740. 256869 - 373105
741. 257256 - 339269
742. 257256 - 345055
743. 257256 - 348321
744. 257256 - 349848
745. 257256 - 351056
746. 257256 - 351389
747. 257256 - 352174
748. 257256 - 356495
749. 257256 - 360205
750. 257256 - 363521
751. 257256 - 364849
752. 257256 - 373105
753. 264908 - 345055
754. 264908 - 348321
755. 264908 - 349848
756. 264908 - 351056
757. 264908 - 351389
758. 264908 - 352174
759. 264908 - 356495
760. 264908 - 360205
761. 264908 - 363521
762. 264908 - 364849
763. 264908 - 373105
764. 264908 - 380818
765. 264908 - 381128
766. 264908 - 384109
767. 267431 - 348321
768. 267431 - 349848
769. 267431 - 351056
770. 267431 - 351389
771. 267431 - 352174
772. 267431 - 356495
773. 267431 - 360205
774. 267431 - 363521
775. 267431 - 364849
776. 267431 - 373105
777. 267431 - 380818
778. 267431 - 381128
779. 267431 - 384109
780. 273351 - 356495
781. 273351 - 360205
782. 273351 - 363521
783. 273351 - 364849
784. 273351 - 373105
785. 273351 - 380818
786. 273351 - 381128
787. 273351 - 384109
788. 273351 - 389610
789. 279207 - 360205
790. 279207 - 363521
791. 279207 - 364849
792. 279207 - 373105
793. 279207 - 380818
794. 279207 - 381128
795. 279207 - 384109
796. 279207 - 389610
797. 279207 - 393563
798. 279207 - 394387
799. 279207 - 395084
800. 279207 - 395879
801. 279207 - 396000
802. 279207 - 397605
803. 280237 - 363521
804. 280237 - 364849
805. 280237 - 373105
806. 280237 - 380818
807. 280237 - 381128
808. 280237 - 384109
809. 280237 - 389610
810. 280237 - 393563
811. 280237 - 394387
812. 280237 - 395084
813. 280237 - 395879
814. 280237 - 396000
815. 280237 - 397605
816. 282829 - 363521
817. 282829 - 364849
818. 282829 - 373105
819. 282829 - 380818
820. 282829 - 381128
821. 282829 - 384109
822. 282829 - 389610
823. 282829 - 393563
824. 282829 - 394387
825. 282829 - 395084
826. 282829 - 395879
827. 282829 - 396000
828. 282829 - 397605
829. 283673 - 364849
830. 283673 - 373105
831. 283673 - 380818
832. 283673 - 381128
833. 283673 - 384109
834. 283673 - 389610
835. 283673 - 393563
836. 283673 - 394387
837. 283673 - 395084
838. 283673 - 395879
839. 283673 - 396000
840. 283673 - 397605
841. 285793 - 373105
842. 285793 - 380818
843. 285793 - 381128
844. 285793 - 384109
845. 285793 - 389610
846. 285793 - 393563
847. 285793 - 394387
848. 285793 - 395084
849. 285793 - 395879
850. 285793 - 396000
851. 285793 - 397605
852. 286452 - 373105
853. 286452 - 380818
854. 286452 - 381128
855. 286452 - 384109
856. 286452 - 389610
857. 286452 - 393563
858. 286452 - 394387
859. 286452 - 395084
860. 286452 - 395879
861. 286452 - 396000
862. 286452 - 397605
863. 287780 - 373105
864. 287780 - 380818
865. 287780 - 381128
866. 287780 - 384109
867. 287780 - 389610
868. 287780 - 393563
869. 287780 - 394387
870. 287780 - 395084
871. 287780 - 395879
872. 287780 - 396000
873. 287780 - 397605
874. 290936 - 373105
875. 290936 - 380818
876. 290936 - 381128
877. 290936 - 384109
878. 290936 - 389610
879. 290936 - 393563
880. 290936 - 394387
881. 290936 - 395084
882. 290936 - 395879
883. 290936 - 396000
884. 290936 - 397605
885. 290936 - 410744
886. 294100 - 380818
887. 294100 - 381128
888. 294100 - 384109
889. 294100 - 389610
890. 294100 - 393563
891. 294100 - 394387
892. 294100 - 395084
893. 294100 - 395879
894. 294100 - 396000
895. 294100 - 397605
896. 294100 - 410744
897. 302564 - 384109
898. 302564 - 389610
899. 302564 - 393563
900. 302564 - 394387
901. 302564 - 395084
902. 302564 - 395879
903. 302564 - 396000
904. 302564 - 397605
905. 302564 - 410744
906. 302564 - 415302
907. 324838 - 410744
908. 324838 - 415302
909. 324838 - 423783
910. 324838 - 435531
911. 324838 - 437067
912. 324838 - 438558
913. 324838 - 440674
914. 324838 - 443472
915. 339269 - 423783
916. 339269 - 435531
917. 339269 - 437067
918. 339269 - 438558
919. 339269 - 440674
920. 339269 - 443472
921. 339269 - 452742
922. 339269 - 458802
923. 345055 - 435531
924. 345055 - 437067
925. 345055 - 438558
926. 345055 - 440674
927. 345055 - 443472
928. 345055 - 452742
929. 345055 - 458802
930. 345055 - 460783
931. 348321 - 435531
932. 348321 - 437067
933. 348321 - 438558
934. 348321 - 440674
935. 348321 - 443472
936. 348321 - 452742
937. 348321 - 458802
938. 348321 - 460783
939. 348321 - 465979
940. 349848 - 435531
941. 349848 - 437067
942. 349848 - 438558
943. 349848 - 440674
944. 349848 - 443472
945. 349848 - 452742
946. 349848 - 458802
947. 349848 - 460783
948. 349848 - 465979
949. 349848 - 468467
950. 351056 - 435531
951. 351056 - 437067
952. 351056 - 438558
953. 351056 - 440674
954. 351056 - 443472
955. 351056 - 452742
956. 351056 - 458802
957. 351056 - 460783
958. 351056 - 465979
959. 351056 - 468467
960. 351389 - 435531
961. 351389 - 437067
962. 351389 - 438558
963. 351389 - 440674
964. 351389 - 443472
965. 351389 - 452742
966. 351389 - 458802
967. 351389 - 460783
968. 351389 - 465979
969. 351389 - 468467
970. 352174 - 435531
971. 352174 - 437067
972. 352174 - 438558
973. 352174 - 440674
974. 352174 - 443472
975. 352174 - 452742
976. 352174 - 458802
977. 352174 - 460783
978. 352174 - 465979
979. 352174 - 468467
980. 356495 - 437067
981. 356495 - 438558
982. 356495 - 440674
983. 356495 - 443472
984. 356495 - 452742
985. 356495 - 458802
986. 356495 - 460783
987. 356495 - 465979
988. 356495 - 468467
989. 360205 - 440674
990. 360205 - 443472
991. 360205 - 452742
992. 360205 - 458802
993. 360205 - 460783
994. 360205 - 465979
995. 360205 - 468467
996. 363521 - 452742
997. 363521 - 458802
998. 363521 - 460783
999. 363521 - 465979
1000. 363521 - 468467
1001. 364849 - 452742
1002. 364849 - 458802
1003. 364849 - 460783
1004. 364849 - 465979
1005. 364849 - 468467
1006. 373105 - 458802
1007. 373105 - 460783
1008. 373105 - 465979
1009. 373105 - 468467
1010. 373105 - 486825
1011. 373105 - 487304
1012. 373105 - 489535
1013. 373105 - 489740
1014. 380818 - 465979
1015. 380818 - 468467
1016. 380818 - 486825
1017. 380818 - 487304
1018. 380818 - 489535
1019. 380818 - 489740
1020. 380818 - 493992
1021. 381128 - 465979
1022. 381128 - 468467
1023. 381128 - 486825
1024. 381128 - 487304
1025. 381128 - 489535
1026. 381128 - 489740
1027. 381128 - 493992
1028. 381128 - 501123
1029. 384109 - 465979
1030. 384109 - 468467
1031. 384109 - 486825
1032. 384109 - 487304
1033. 384109 - 489535
1034. 384109 - 489740
1035. 384109 - 493992
1036. 384109 - 501123
1037. 389610 - 486825
1038. 389610 - 487304
1039. 389610 - 489535
1040. 389610 - 489740
1041. 389610 - 493992
1042. 389610 - 501123
1043. 389610 - 506947
1044. 389610 - 508856
1045. 393563 - 486825
1046. 393563 - 487304
1047. 393563 - 489535
1048. 393563 - 489740
1049. 393563 - 493992
1050. 393563 - 501123
1051. 393563 - 506947
1052. 393563 - 508856
1053. 393563 - 511045
1054. 393563 - 511821
1055. 393563 - 513062
1056. 394387 - 486825
1057. 394387 - 487304
1058. 394387 - 489535
1059. 394387 - 489740
1060. 394387 - 493992
1061. 394387 - 501123
1062. 394387 - 506947
1063. 394387 - 508856
1064. 394387 - 511045
1065. 394387 - 511821
1066. 394387 - 513062
1067. 395084 - 486825
1068. 395084 - 487304
1069. 395084 - 489535
1070. 395084 - 489740
1071. 395084 - 493992
1072. 395084 - 501123
1073. 395084 - 506947
1074. 395084 - 508856
1075. 395084 - 511045
1076. 395084 - 511821
1077. 395084 - 513062
1078. 395879 - 486825
1079. 395879 - 487304
1080. 395879 - 489535
1081. 395879 - 489740
1082. 395879 - 493992
1083. 395879 - 501123
1084. 395879 - 506947
1085. 395879 - 508856
1086. 395879 - 511045
1087. 395879 - 511821
1088. 395879 - 513062
1089. 396000 - 486825
1090. 396000 - 487304
1091. 396000 - 489535
1092. 396000 - 489740
1093. 396000 - 493992
1094. 396000 - 501123
1095. 396000 - 506947
1096. 396000 - 508856
1097. 396000 - 511045
1098. 396000 - 511821
1099. 396000 - 513062
1100. 397605 - 486825
1101. 397605 - 487304
1102. 397605 - 489535
1103. 397605 - 489740
1104. 397605 - 493992
1105. 397605 - 501123
1106. 397605 - 506947
1107. 397605 - 508856
1108. 397605 - 511045
1109. 397605 - 511821
1110. 397605 - 513062
1111. 410744 - 493992
1112. 410744 - 501123
1113. 410744 - 506947
1114. 410744 - 508856
1115. 410744 - 511045
1116. 410744 - 511821
1117. 410744 - 513062
1118. 410744 - 524881
1119. 410744 - 527226
1120. 415302 - 501123
1121. 415302 - 506947
1122. 415302 - 508856
1123. 415302 - 511045
1124. 415302 - 511821
1125. 415302 - 513062
1126. 415302 - 524881
1127. 415302 - 527226
1128. 415302 - 531972
1129. 423783 - 506947
1130. 423783 - 508856
1131. 423783 - 511045
1132. 423783 - 511821
1133. 423783 - 513062
1134. 423783 - 524881
1135. 423783 - 527226
1136. 423783 - 531972
1137. 423783 - 536832
1138. 423783 - 537413
1139. 435531 - 524881
1140. 435531 - 527226
1141. 435531 - 531972
1142. 435531 - 536832
1143. 435531 - 537413
1144. 435531 - 544150
1145. 435531 - 545103
1146. 435531 - 546377
1147. 435531 - 547808
1148. 435531 - 547913
1149. 435531 - 551276
1150. 437067 - 524881
1151. 437067 - 527226
1152. 437067 - 531972
1153. 437067 - 536832
1154. 437067 - 537413
1155. 437067 - 544150
1156. 437067 - 545103
1157. 437067 - 546377
1158. 437067 - 547808
1159. 437067 - 547913
1160. 437067 - 551276
1161. 438558 - 524881
1162. 438558 - 527226
1163. 438558 - 531972
1164. 438558 - 536832
1165. 438558 - 537413
1166. 438558 - 544150
1167. 438558 - 545103
1168. 438558 - 546377
1169. 438558 - 547808
1170. 438558 - 547913
1171. 438558 - 551276
1172. 440674 - 524881
1173. 440674 - 527226
1174. 440674 - 531972
1175. 440674 - 536832
1176. 440674 - 537413
1177. 440674 - 544150
1178. 440674 - 545103
1179. 440674 - 546377
1180. 440674 - 547808
1181. 440674 - 547913
1182. 440674 - 551276
1183. 443472 - 524881
1184. 443472 - 527226
1185. 443472 - 531972
1186. 443472 - 536832
1187. 443472 - 537413
1188. 443472 - 544150
1189. 443472 - 545103
1190. 443472 - 546377
1191. 443472 - 547808
1192. 443472 - 547913
1193. 443472 - 551276
1194. 452742 - 536832
1195. 452742 - 537413
1196. 452742 - 544150
1197. 452742 - 545103
1198. 452742 - 546377
1199. 452742 - 547808
1200. 452742 - 547913
1201. 452742 - 551276
1202. 452742 - 568385
1203. 458802 - 544150
1204. 458802 - 545103
1205. 458802 - 546377
1206. 458802 - 547808
1207. 458802 - 547913
1208. 458802 - 551276
1209. 458802 - 568385
1210. 458802 - 574951
1211. 458802 - 577110
1212. 460783 - 544150
1213. 460783 - 545103
1214. 460783 - 546377
1215. 460783 - 547808
1216. 460783 - 547913
1217. 460783 - 551276
1218. 460783 - 568385
1219. 460783 - 574951
1220. 460783 - 577110
1221. 465979 - 546377
1222. 465979 - 547808
1223. 465979 - 547913
1224. 465979 - 551276
1225. 465979 - 568385
1226. 465979 - 574951
1227. 465979 - 577110
1228. 465979 - 582743
1229. 465979 - 584963
1230. 468467 - 551276
1231. 468467 - 568385
1232. 468467 - 574951
1233. 468467 - 577110
1234. 468467 - 582743
1235. 468467 - 584963
1236. 468467 - 587200
1237. 486825 - 568385
1238. 486825 - 574951
1239. 486825 - 577110
1240. 486825 - 582743
1241. 486825 - 584963
1242. 486825 - 587200
1243. 486825 - 588841
1244. 486825 - 589242
1245. 486825 - 597397
1246. 486825 - 603602
1247. 486825 - 604250
1248. 486825 - 606276
1249. 487304 - 568385
1250. 487304 - 574951
1251. 487304 - 577110
1252. 487304 - 582743
1253. 487304 - 584963
1254. 487304 - 587200
1255. 487304 - 588841
1256. 487304 - 589242
1257. 487304 - 597397
1258. 487304 - 603602
1259. 487304 - 604250
1260. 487304 - 606276
1261. 489535 - 574951
1262. 489535 - 577110
1263. 489535 - 582743
1264. 489535 - 584963
1265. 489535 - 587200
1266. 489535 - 588841
1267. 489535 - 589242
1268. 489535 - 597397
1269. 489535 - 603602
1270. 489535 - 604250
1271. 489535 - 606276
1272. 489535 - 608802
1273. 489535 - 609074
1274. 489740 - 574951
1275. 489740 - 577110
1276. 489740 - 582743
1277. 489740 - 584963
1278. 489740 - 587200
1279. 489740 - 588841
1280. 489740 - 589242
1281. 489740 - 597397
1282. 489740 - 603602
1283. 489740 - 604250
1284. 489740 - 606276
1285. 489740 - 608802
1286. 489740 - 609074
1287. 493992 - 574951
1288. 493992 - 577110
1289. 493992 - 582743
1290. 493992 - 584963
1291. 493992 - 587200
1292. 493992 - 588841
1293. 493992 - 589242
1294. 493992 - 597397
1295. 493992 - 603602
1296. 493992 - 604250
1297. 493992 - 606276
1298. 493992 - 608802
1299. 493992 - 609074
1300. 501123 - 582743
1301. 501123 - 584963
1302. 501123 - 587200
1303. 501123 - 588841
1304. 501123 - 589242
1305. 501123 - 597397
1306. 501123 - 603602
1307. 501123 - 604250
1308. 501123 - 606276
1309. 501123 - 608802
1310. 501123 - 609074
1311. 501123 - 615477
1312. 501123 - 617622
1313. 501123 - 619210
1314. 501123 - 620916
1315. 506947 - 587200
1316. 506947 - 588841
1317. 506947 - 589242
1318. 506947 - 597397
1319. 506947 - 603602
1320. 506947 - 604250
1321. 506947 - 606276
1322. 506947 - 608802
1323. 506947 - 609074
1324. 506947 - 615477
1325. 506947 - 617622
1326. 506947 - 619210
1327. 506947 - 620916
1328. 506947 - 626041
1329. 508856 - 589242
1330. 508856 - 597397
1331. 508856 - 603602
1332. 508856 - 604250
1333. 508856 - 606276
1334. 508856 - 608802
1335. 508856 - 609074
1336. 508856 - 615477
1337. 508856 - 617622
1338. 508856 - 619210
1339. 508856 - 620916
1340. 508856 - 626041
1341. 511045 - 597397
1342. 511045 - 603602
1343. 511045 - 604250
1344. 511045 - 606276
1345. 511045 - 608802
1346. 511045 - 609074
1347. 511045 - 615477
1348. 511045 - 617622
1349. 511045 - 619210
1350. 511045 - 620916
1351. 511045 - 626041
1352. 511045 - 629122
1353. 511821 - 597397
1354. 511821 - 603602
1355. 511821 - 604250
1356. 511821 - 606276
1357. 511821 - 608802
1358. 511821 - 609074
1359. 511821 - 615477
1360. 511821 - 617622
1361. 511821 - 619210
1362. 511821 - 620916
1363. 511821 - 626041
1364. 511821 - 629122
1365. 513062 - 597397
1366. 513062 - 603602
1367. 513062 - 604250
1368. 513062 - 606276
1369. 513062 - 608802
1370. 513062 - 609074
1371. 513062 - 615477
1372. 513062 - 617622
1373. 513062 - 619210
1374. 513062 - 620916
1375. 513062 - 626041
1376. 513062 - 629122
1377. 524881 - 606276
1378. 524881 - 608802
1379. 524881 - 609074
1380. 524881 - 615477
1381. 524881 - 617622
1382. 524881 - 619210
1383. 524881 - 620916
1384. 524881 - 626041
1385. 524881 - 629122
1386. 524881 - 639140
1387. 524881 - 641882
1388. 524881 - 642280
1389. 527226 - 608802
1390. 527226 - 609074
1391. 527226 - 615477
1392. 527226 - 617622
1393. 527226 - 619210
1394. 527226 - 620916
1395. 527226 - 626041
1396. 527226 - 629122
1397. 527226 - 639140
1398. 527226 - 641882
1399. 527226 - 642280
1400. 531972 - 615477
1401. 531972 - 617622
1402. 531972 - 619210
1403. 531972 - 620916
1404. 531972 - 626041
1405. 531972 - 629122
1406. 531972 - 639140
1407. 531972 - 641882
1408. 531972 - 642280
1409. 531972 - 649166
1410. 531972 - 649343
1411. 531972 - 650369
1412. 531972 - 651614
1413. 536832 - 617622
1414. 536832 - 619210
1415. 536832 - 620916
1416. 536832 - 626041
1417. 536832 - 629122
1418. 536832 - 639140
1419. 536832 - 641882
1420. 536832 - 642280
1421. 536832 - 649166
1422. 536832 - 649343
1423. 536832 - 650369
1424. 536832 - 651614
1425. 537413 - 617622
1426. 537413 - 619210
1427. 537413 - 620916
1428. 537413 - 626041
1429. 537413 - 629122
1430. 537413 - 639140
1431. 537413 - 641882
1432. 537413 - 642280
1433. 537413 - 649166
1434. 537413 - 649343
1435. 537413 - 650369
1436. 537413 - 651614
1437. 544150 - 626041
1438. 544150 - 629122
1439. 544150 - 639140
1440. 544150 - 641882
1441. 544150 - 642280
1442. 544150 - 649166
1443. 544150 - 649343
1444. 544150 - 650369
1445. 544150 - 651614
1446. 544150 - 661866
1447. 545103 - 626041
1448. 545103 - 629122
1449. 545103 - 639140
1450. 545103 - 641882
1451. 545103 - 642280
1452. 545103 - 649166
1453. 545103 - 649343
1454. 545103 - 650369
1455. 545103 - 651614
1456. 545103 - 661866
1457. 545103 - 664718
1458. 546377 - 629122
1459. 546377 - 639140
1460. 546377 - 641882
1461. 546377 - 642280
1462. 546377 - 649166
1463. 546377 - 649343
1464. 546377 - 650369
1465. 546377 - 651614
1466. 546377 - 661866
1467. 546377 - 664718
1468. 547808 - 629122
1469. 547808 - 639140
1470. 547808 - 641882
1471. 547808 - 642280
1472. 547808 - 649166
1473. 547808 - 649343
1474. 547808 - 650369
1475. 547808 - 651614
1476. 547808 - 661866
1477. 547808 - 664718
1478. 547808 - 666974
1479. 547913 - 629122
1480. 547913 - 639140
1481. 547913 - 641882
1482. 547913 - 642280
1483. 547913 - 649166
1484. 547913 - 649343
1485. 547913 - 650369
1486. 547913 - 651614
1487. 547913 - 661866
1488. 547913 - 664718
1489. 547913 - 666974
1490. 551276 - 639140
1491. 551276 - 641882
1492. 551276 - 642280
1493. 551276 - 649166
1494. 551276 - 649343
1495. 551276 - 650369
1496. 551276 - 651614
1497. 551276 - 661866
1498. 551276 - 664718
1499. 551276 - 666974
1500. 551276 - 670214
1501. 568385 - 649166
1502. 568385 - 649343
1503. 568385 - 650369
1504. 568385 - 651614
1505. 568385 - 661866
1506. 568385 - 664718
1507. 568385 - 666974
1508. 568385 - 670214
1509. 568385 - 671608
1510. 568385 - 675311
1511. 568385 - 677734
1512. 568385 - 678146
1513. 568385 - 682718
1514. 568385 - 687978
1515. 574951 - 661866
1516. 574951 - 664718
1517. 574951 - 666974
1518. 574951 - 670214
1519. 574951 - 671608
1520. 574951 - 675311
1521. 574951 - 677734
1522. 574951 - 678146
1523. 574951 - 682718
1524. 574951 - 687978
1525. 577110 - 661866
1526. 577110 - 664718
1527. 577110 - 666974
1528. 577110 - 670214
1529. 577110 - 671608
1530. 577110 - 675311
1531. 577110 - 677734
1532. 577110 - 678146
1533. 577110 - 682718
1534. 577110 - 687978
1535. 582743 - 664718
1536. 582743 - 666974
1537. 582743 - 670214
1538. 582743 - 671608
1539. 582743 - 675311
1540. 582743 - 677734
1541. 582743 - 678146
1542. 582743 - 682718
1543. 582743 - 687978
1544. 582743 - 697422
1545. 584963 - 666974
1546. 584963 - 670214
1547. 584963 - 671608
1548. 584963 - 675311
1549. 584963 - 677734
1550. 584963 - 678146
1551. 584963 - 682718
1552. 584963 - 687978
1553. 584963 - 697422
1554. 587200 - 670214
1555. 587200 - 671608
1556. 587200 - 675311
1557. 587200 - 677734
1558. 587200 - 678146
1559. 587200 - 682718
1560. 587200 - 687978
1561. 587200 - 697422
1562. 588841 - 670214
1563. 588841 - 671608
1564. 588841 - 675311
1565. 588841 - 677734
1566. 588841 - 678146
1567. 588841 - 682718
1568. 588841 - 687978
1569. 588841 - 697422
1570. 588841 - 708619
1571. 589242 - 670214
1572. 589242 - 671608
1573. 589242 - 675311
1574. 589242 - 677734
1575. 589242 - 678146
1576. 589242 - 682718
1577. 589242 - 687978
1578. 589242 - 697422
1579. 589242 - 708619
1580. 597397 - 677734
1581. 597397 - 678146
1582. 597397 - 682718
1583. 597397 - 687978
1584. 597397 - 697422
1585. 597397 - 708619
1586. 597397 - 712302
1587. 597397 - 713735
1588. 597397 - 715886
1589. 603602 - 687978
1590. 603602 - 697422
1591. 603602 - 708619
1592. 603602 - 712302
1593. 603602 - 713735
1594. 603602 - 715886
1595. 603602 - 718771
1596. 603602 - 719559
1597. 603602 - 720451
1598. 603602 - 721901
1599. 604250 - 687978
1600. 604250 - 697422
1601. 604250 - 708619
1602. 604250 - 712302
1603. 604250 - 713735
1604. 604250 - 715886
1605. 604250 - 718771
1606. 604250 - 719559
1607. 604250 - 720451
1608. 604250 - 721901
1609. 606276 - 687978
1610. 606276 - 697422
1611. 606276 - 708619
1612. 606276 - 712302
1613. 606276 - 713735
1614. 606276 - 715886
1615. 606276 - 718771
1616. 606276 - 719559
1617. 606276 - 720451
1618. 606276 - 721901
1619. 608802 - 697422
1620. 608802 - 708619
1621. 608802 - 712302
1622. 608802 - 713735
1623. 608802 - 715886
1624. 608802 - 718771
1625. 608802 - 719559
1626. 608802 - 720451
1627. 608802 - 721901
1628. 609074 - 697422
1629. 609074 - 708619
1630. 609074 - 712302
1631. 609074 - 713735
1632. 609074 - 715886
1633. 609074 - 718771
1634. 609074 - 719559
1635. 609074 - 720451
1636. 609074 - 721901
1637. 615477 - 697422
1638. 615477 - 708619
1639. 615477 - 712302
1640. 615477 - 713735
1641. 615477 - 715886
1642. 615477 - 718771
1643. 615477 - 719559
1644. 615477 - 720451
1645. 615477 - 721901
1646. 615477 - 732192
1647. 617622 - 708619
1648. 617622 - 712302
1649. 617622 - 713735
1650. 617622 - 715886
1651. 617622 - 718771
1652. 617622 - 719559
1653. 617622 - 720451
1654. 617622 - 721901
1655. 617622 - 732192
1656. 617622 - 735491
1657. 617622 - 736315
1658. 617622 - 737026
1659. 619210 - 708619
1660. 619210 - 712302
1661. 619210 - 713735
1662. 619210 - 715886
1663. 619210 - 718771
1664. 619210 - 719559
1665. 619210 - 720451
1666. 619210 - 721901
1667. 619210 - 732192
1668. 619210 - 735491
1669. 619210 - 736315
1670. 619210 - 737026
1671. 619210 - 738729
1672. 620916 - 708619
1673. 620916 - 712302
1674. 620916 - 713735
1675. 620916 - 715886
1676. 620916 - 718771
1677. 620916 - 719559
1678. 620916 - 720451
1679. 620916 - 721901
1680. 620916 - 732192
1681. 620916 - 735491
1682. 620916 - 736315
1683. 620916 - 737026
1684. 620916 - 738729
1685. 626041 - 708619
1686. 626041 - 712302
1687. 626041 - 713735
1688. 626041 - 715886
1689. 626041 - 718771
1690. 626041 - 719559
1691. 626041 - 720451
1692. 626041 - 721901
1693. 626041 - 732192
1694. 626041 - 735491
1695. 626041 - 736315
1696. 626041 - 737026
1697. 626041 - 738729
1698. 626041 - 742765
1699. 629122 - 712302
1700. 629122 - 713735
1701. 629122 - 715886
1702. 629122 - 718771
1703. 629122 - 719559
1704. 629122 - 720451
1705. 629122 - 721901
1706. 629122 - 732192
1707. 629122 - 735491
1708. 629122 - 736315
1709. 629122 - 737026
1710. 629122 - 738729
1711. 629122 - 742765
1712. 629122 - 747872
1713. 639140 - 719559
1714. 639140 - 720451
1715. 639140 - 721901
1716. 639140 - 732192
1717. 639140 - 735491
1718. 639140 - 736315
1719. 639140 - 737026
1720. 639140 - 738729
1721. 639140 - 742765
1722. 639140 - 747872
1723. 639140 - 749712
1724. 639140 - 759024
1725. 641882 - 721901
1726. 641882 - 732192
1727. 641882 - 735491
1728. 641882 - 736315
1729. 641882 - 737026
1730. 641882 - 738729
1731. 641882 - 742765
1732. 641882 - 747872
1733. 641882 - 749712
1734. 641882 - 759024
1735. 641882 - 759734
1736. 641882 - 761771
1737. 642280 - 732192
1738. 642280 - 735491
1739. 642280 - 736315
1740. 642280 - 737026
1741. 642280 - 738729
1742. 642280 - 742765
1743. 642280 - 747872
1744. 642280 - 749712
1745. 642280 - 759024
1746. 642280 - 759734
1747. 642280 - 761771
1748. 649166 - 732192
1749. 649166 - 735491
1750. 649166 - 736315
1751. 649166 - 737026
1752. 649166 - 738729
1753. 649166 - 742765
1754. 649166 - 747872
1755. 649166 - 749712
1756. 649166 - 759024
1757. 649166 - 759734
1758. 649166 - 761771
1759. 649166 - 764597
1760. 649166 - 765970
1761. 649166 - 767325
1762. 649343 - 732192
1763. 649343 - 735491
1764. 649343 - 736315
1765. 649343 - 737026
1766. 649343 - 738729
1767. 649343 - 742765
1768. 649343 - 747872
1769. 649343 - 749712
1770. 649343 - 759024
1771. 649343 - 759734
1772. 649343 - 761771
1773. 649343 - 764597
1774. 649343 - 765970
1775. 649343 - 767325
1776. 650369 - 732192
1777. 650369 - 735491
1778. 650369 - 736315
1779. 650369 - 737026
1780. 650369 - 738729
1781. 650369 - 742765
1782. 650369 - 747872
1783. 650369 - 749712
1784. 650369 - 759024
1785. 650369 - 759734
1786. 650369 - 761771
1787. 650369 - 764597
1788. 650369 - 765970
1789. 650369 - 767325
1790. 651614 - 732192
1791. 651614 - 735491
1792. 651614 - 736315
1793. 651614 - 737026
1794. 651614 - 738729
1795. 651614 - 742765
1796. 651614 - 747872
1797. 651614 - 749712
1798. 651614 - 759024
1799. 651614 - 759734
1800. 651614 - 761771
1801. 651614 - 764597
1802. 651614 - 765970
1803. 651614 - 767325
1804. 661866 - 742765
1805. 661866 - 747872
1806. 661866 - 749712
1807. 661866 - 759024
1808. 661866 - 759734
1809. 661866 - 761771
1810. 661866 - 764597
1811. 661866 - 765970
1812. 661866 - 767325
1813. 661866 - 773873
1814. 661866 - 777217
1815. 661866 - 777869
1816. 661866 - 778020
1817. 661866 - 778646
1818. 664718 - 747872
1819. 664718 - 749712
1820. 664718 - 759024
1821. 664718 - 759734
1822. 664718 - 761771
1823. 664718 - 764597
1824. 664718 - 765970
1825. 664718 - 767325
1826. 664718 - 773873
1827. 664718 - 777217
1828. 664718 - 777869
1829. 664718 - 778020
1830. 664718 - 778646
1831. 664718 - 782156
1832. 666974 - 747872
1833. 666974 - 749712
1834. 666974 - 759024
1835. 666974 - 759734
1836. 666974 - 761771
1837. 666974 - 764597
1838. 666974 - 765970
1839. 666974 - 767325
1840. 666974 - 773873
1841. 666974 - 777217
1842. 666974 - 777869
1843. 666974 - 778020
1844. 666974 - 778646
1845. 666974 - 782156
1846. 670214 - 759024
1847. 670214 - 759734
1848. 670214 - 761771
1849. 670214 - 764597
1850. 670214 - 765970
1851. 670214 - 767325
1852. 670214 - 773873
1853. 670214 - 777217
1854. 670214 - 777869
1855. 670214 - 778020
1856. 670214 - 778646
1857. 670214 - 782156
1858. 670214 - 789487
1859. 671608 - 759024
1860. 671608 - 759734
1861. 671608 - 761771
1862. 671608 - 764597
1863. 671608 - 765970
1864. 671608 - 767325
1865. 671608 - 773873
1866. 671608 - 777217
1867. 671608 - 777869
1868. 671608 - 778020
1869. 671608 - 778646
1870. 671608 - 782156
1871. 671608 - 789487
1872. 675311 - 759024
1873. 675311 - 759734
1874. 675311 - 761771
1875. 675311 - 764597
1876. 675311 - 765970
1877. 675311 - 767325
1878. 675311 - 773873
1879. 675311 - 777217
1880. 675311 - 777869
1881. 675311 - 778020
1882. 675311 - 778646
1883. 675311 - 782156
1884. 675311 - 789487
1885. 677734 - 759024
1886. 677734 - 759734
1887. 677734 - 761771
1888. 677734 - 764597
1889. 677734 - 765970
1890. 677734 - 767325
1891. 677734 - 773873
1892. 677734 - 777217
1893. 677734 - 777869
1894. 677734 - 778020
1895. 677734 - 778646
1896. 677734 - 782156
1897. 677734 - 789487
1898. 678146 - 759024
1899. 678146 - 759734
1900. 678146 - 761771
1901. 678146 - 764597
1902. 678146 - 765970
1903. 678146 - 767325
1904. 678146 - 773873
1905. 678146 - 777217
1906. 678146 - 777869
1907. 678146 - 778020
1908. 678146 - 778646
1909. 678146 - 782156
1910. 678146 - 789487
1911. 678146 - 797838
1912. 682718 - 764597
1913. 682718 - 765970
1914. 682718 - 767325
1915. 682718 - 773873
1916. 682718 - 777217
1917. 682718 - 777869
1918. 682718 - 778020
1919. 682718 - 778646
1920. 682718 - 782156
1921. 682718 - 789487
1922. 682718 - 797838
1923. 682718 - 800784
1924. 682718 - 801209
1925. 687978 - 773873
1926. 687978 - 777217
1927. 687978 - 777869
1928. 687978 - 778020
1929. 687978 - 778646
1930. 687978 - 782156
1931. 687978 - 789487
1932. 687978 - 797838
1933. 687978 - 800784
1934. 687978 - 801209
1935. 687978 - 805765
1936. 687978 - 806651
1937. 687978 - 807068
1938. 697422 - 777869
1939. 697422 - 778020
1940. 697422 - 778646
1941. 697422 - 782156
1942. 697422 - 789487
1943. 697422 - 797838
1944. 697422 - 800784
1945. 697422 - 801209
1946. 697422 - 805765
1947. 697422 - 806651
1948. 697422 - 807068
1949. 697422 - 808836
1950. 697422 - 812532
1951. 697422 - 816213
1952. 708619 - 789487
1953. 708619 - 797838
1954. 708619 - 800784
1955. 708619 - 801209
1956. 708619 - 805765
1957. 708619 - 806651
1958. 708619 - 807068
1959. 708619 - 808836
1960. 708619 - 812532
1961. 708619 - 816213
1962. 708619 - 818208
1963. 712302 - 797838
1964. 712302 - 800784
1965. 712302 - 801209
1966. 712302 - 805765
1967. 712302 - 806651
1968. 712302 - 807068
1969. 712302 - 808836
1970. 712302 - 812532
1971. 712302 - 816213
1972. 712302 - 818208
1973. 712302 - 828923
1974. 713735 - 797838
1975. 713735 - 800784
1976. 713735 - 801209
1977. 713735 - 805765
1978. 713735 - 806651
1979. 713735 - 807068
1980. 713735 - 808836
1981. 713735 - 812532
1982. 713735 - 816213
1983. 713735 - 818208
1984. 713735 - 828923
1985. 715886 - 797838
1986. 715886 - 800784
1987. 715886 - 801209
1988. 715886 - 805765
1989. 715886 - 806651
1990. 715886 - 807068
1991. 715886 - 808836
1992. 715886 - 812532
1993. 715886 - 816213
1994. 715886 - 818208
1995. 715886 - 828923
1996. 718771 - 800784
1997. 718771 - 801209
1998. 718771 - 805765
1999. 718771 - 806651
2000. 718771 - 807068
2001. 718771 - 808836
2002. 718771 - 812532
2003. 718771 - 816213
2004. 718771 - 818208
2005. 718771 - 828923
2006. 718771 - 838194
2007. 719559 - 800784
2008. 719559 - 801209
2009. 719559 - 805765
2010. 719559 - 806651
2011. 719559 - 807068
2012. 719559 - 808836
2013. 719559 - 812532
2014. 719559 - 816213
2015. 719559 - 818208
2016. 719559 - 828923
2017. 719559 - 838194
2018. 719559 - 839023
2019. 720451 - 800784
2020. 720451 - 801209
2021. 720451 - 805765
2022. 720451 - 806651
2023. 720451 - 807068
2024. 720451 - 808836
2025. 720451 - 812532
2026. 720451 - 816213
2027. 720451 - 818208
2028. 720451 - 828923
2029. 720451 - 838194
2030. 720451 - 839023
2031. 721901 - 805765
2032. 721901 - 806651
2033. 721901 - 807068
2034. 721901 - 808836
2035. 721901 - 812532
2036. 721901 - 816213
2037. 721901 - 818208
2038. 721901 - 828923
2039. 721901 - 838194
2040. 721901 - 839023
2041. 732192 - 812532
2042. 732192 - 816213
2043. 732192 - 818208
2044. 732192 - 828923
2045. 732192 - 838194
2046. 732192 - 839023
2047. 732192 - 846168
2048. 732192 - 850505
2049. 735491 - 816213
2050. 735491 - 818208
2051. 735491 - 828923
2052. 735491 - 838194
2053. 735491 - 839023
2054. 735491 - 846168
2055. 735491 - 850505
2056. 735491 - 854576
2057. 735491 - 855261
2058. 736315 - 818208
2059. 736315 - 828923
2060. 736315 - 838194
2061. 736315 - 839023
2062. 736315 - 846168
2063. 736315 - 850505
2064. 736315 - 854576
2065. 736315 - 855261
2066. 737026 - 818208
2067. 737026 - 828923
2068. 737026 - 838194
2069. 737026 - 839023
2070. 737026 - 846168
2071. 737026 - 850505
2072. 737026 - 854576
2073. 737026 - 855261
2074. 738729 - 828923
2075. 738729 - 838194
2076. 738729 - 839023
2077. 738729 - 846168
2078. 738729 - 850505
2079. 738729 - 854576
2080. 738729 - 855261
2081. 738729 - 858044
2082. 742765 - 828923
2083. 742765 - 838194
2084. 742765 - 839023
2085. 742765 - 846168
2086. 742765 - 850505
2087. 742765 - 854576
2088. 742765 - 855261
2089. 742765 - 858044
2090. 742765 - 859284
2091. 747872 - 828923
2092. 747872 - 838194
2093. 747872 - 839023
2094. 747872 - 846168
2095. 747872 - 850505
2096. 747872 - 854576
2097. 747872 - 855261
2098. 747872 - 858044
2099. 747872 - 859284
2100. 747872 - 866062
2101. 749712 - 838194
2102. 749712 - 839023
2103. 749712 - 846168
2104. 749712 - 850505
2105. 749712 - 854576
2106. 749712 - 855261
2107. 749712 - 858044
2108. 749712 - 859284
2109. 749712 - 866062
2110. 749712 - 867967
2111. 749712 - 868241
2112. 759024 - 846168
2113. 759024 - 850505
2114. 759024 - 854576
2115. 759024 - 855261
2116. 759024 - 858044
2117. 759024 - 859284
2118. 759024 - 866062
2119. 759024 - 867967
2120. 759024 - 868241
2121. 759024 - 873623
2122. 759024 - 876387
2123. 759734 - 846168
2124. 759734 - 850505
2125. 759734 - 854576
2126. 759734 - 855261
2127. 759734 - 858044
2128. 759734 - 859284
2129. 759734 - 866062
2130. 759734 - 867967
2131. 759734 - 868241
2132. 759734 - 873623
2133. 759734 - 876387
2134. 761771 - 846168
2135. 761771 - 850505
2136. 761771 - 854576
2137. 761771 - 855261
2138. 761771 - 858044
2139. 761771 - 859284
2140. 761771 - 866062
2141. 761771 - 867967
2142. 761771 - 868241
2143. 761771 - 873623
2144. 761771 - 876387
2145. 761771 - 880196
2146. 764597 - 846168
2147. 764597 - 850505
2148. 764597 - 854576
2149. 764597 - 855261
2150. 764597 - 858044
2151. 764597 - 859284
2152. 764597 - 866062
2153. 764597 - 867967
2154. 764597 - 868241
2155. 764597 - 873623
2156. 764597 - 876387
2157. 764597 - 880196
2158. 765970 - 846168
2159. 765970 - 850505
2160. 765970 - 854576
2161. 765970 - 855261
2162. 765970 - 858044
2163. 765970 - 859284
2164. 765970 - 866062
2165. 765970 - 867967
2166. 765970 - 868241
2167. 765970 - 873623
2168. 765970 - 876387
2169. 765970 - 880196
2170. 767325 - 850505
2171. 767325 - 854576
2172. 767325 - 855261
2173. 767325 - 858044
2174. 767325 - 859284
2175. 767325 - 866062
2176. 767325 - 867967
2177. 767325 - 868241
2178. 767325 - 873623
2179. 767325 - 876387
2180. 767325 - 880196
2181. 767325 - 886058
2182. 773873 - 854576
2183. 773873 - 855261
2184. 773873 - 858044
2185. 773873 - 859284
2186. 773873 - 866062
2187. 773873 - 867967
2188. 773873 - 868241
2189. 773873 - 873623
2190. 773873 - 876387
2191. 773873 - 880196
2192. 773873 - 886058
2193. 773873 - 888763
2194. 773873 - 890205
2195. 773873 - 891287
2196. 773873 - 892145
2197. 777217 - 858044
2198. 777217 - 859284
2199. 777217 - 866062
2200. 777217 - 867967
2201. 777217 - 868241
2202. 777217 - 873623
2203. 777217 - 876387
2204. 777217 - 880196
2205. 777217 - 886058
2206. 777217 - 888763
2207. 777217 - 890205
2208. 777217 - 891287
2209. 777217 - 892145
2210. 777217 - 896186
2211. 777869 - 858044
2212. 777869 - 859284
2213. 777869 - 866062
2214. 777869 - 867967
2215. 777869 - 868241
2216. 777869 - 873623
2217. 777869 - 876387
2218. 777869 - 880196
2219. 777869 - 886058
2220. 777869 - 888763
2221. 777869 - 890205
2222. 777869 - 891287
2223. 777869 - 892145
2224. 777869 - 896186
2225. 777869 - 897419
2226. 778020 - 858044
2227. 778020 - 859284
2228. 778020 - 866062
2229. 778020 - 867967
2230. 778020 - 868241
2231. 778020 - 873623
2232. 778020 - 876387
2233. 778020 - 880196
2234. 778020 - 886058
2235. 778020 - 888763
2236. 778020 - 890205
2237. 778020 - 891287
2238. 778020 - 892145
2239. 778020 - 896186
2240. 778020 - 897419
2241. 778646 - 859284
2242. 778646 - 866062
2243. 778646 - 867967
2244. 778646 - 868241
2245. 778646 - 873623
2246. 778646 - 876387
2247. 778646 - 880196
2248. 778646 - 886058
2249. 778646 - 888763
2250. 778646 - 890205
2251. 778646 - 891287
2252. 778646 - 892145
2253. 778646 - 896186
2254. 778646 - 897419
2255. 782156 - 866062
2256. 782156 - 867967
2257. 782156 - 868241
2258. 782156 - 873623
2259. 782156 - 876387
2260. 782156 - 880196
2261. 782156 - 886058
2262. 782156 - 888763
2263. 782156 - 890205
2264. 782156 - 891287
2265. 782156 - 892145
2266. 782156 - 896186
2267. 782156 - 897419
2268. 782156 - 899709
2269. 782156 - 899989
2270. 782156 - 900661
2271. 789487 - 873623
2272. 789487 - 876387
2273. 789487 - 880196
2274. 789487 - 886058
2275. 789487 - 888763
2276. 789487 - 890205
2277. 789487 - 891287
2278. 789487 - 892145
2279. 789487 - 896186
2280. 789487 - 897419
2281. 789487 - 899709
2282. 789487 - 899989
2283. 789487 - 900661
2284. 789487 - 904042
2285. 789487 - 906993
2286. 789487 - 907317
2287. 797838 - 880196
2288. 797838 - 886058
2289. 797838 - 888763
2290. 797838 - 890205
2291. 797838 - 891287
2292. 797838 - 892145
2293. 797838 - 896186
2294. 797838 - 897419
2295. 797838 - 899709
2296. 797838 - 899989
2297. 797838 - 900661
2298. 797838 - 904042
2299. 797838 - 906993
2300. 797838 - 907317
2301. 797838 - 915804
2302. 800784 - 886058
2303. 800784 - 888763
2304. 800784 - 890205
2305. 800784 - 891287
2306. 800784 - 892145
2307. 800784 - 896186
2308. 800784 - 897419
2309. 800784 - 899709
2310. 800784 - 899989
2311. 800784 - 900661
2312. 800784 - 904042
2313. 800784 - 906993
2314. 800784 - 907317
2315. 800784 - 915804
2316. 801209 - 886058
2317. 801209 - 888763
2318. 801209 - 890205
2319. 801209 - 891287
2320. 801209 - 892145
2321. 801209 - 896186
2322. 801209 - 897419
2323. 801209 - 899709
2324. 801209 - 899989
2325. 801209 - 900661
2326. 801209 - 904042
2327. 801209 - 906993
2328. 801209 - 907317
2329. 801209 - 915804
2330. 805765 - 886058
2331. 805765 - 888763
2332. 805765 - 890205
2333. 805765 - 891287
2334. 805765 - 892145
2335. 805765 - 896186
2336. 805765 - 897419
2337. 805765 - 899709
2338. 805765 - 899989
2339. 805765 - 900661
2340. 805765 - 904042
2341. 805765 - 906993
2342. 805765 - 907317
2343. 805765 - 915804
2344. 805765 - 923611
2345. 805765 - 925513
2346. 806651 - 888763
2347. 806651 - 890205
2348. 806651 - 891287
2349. 806651 - 892145
2350. 806651 - 896186
2351. 806651 - 897419
2352. 806651 - 899709
2353. 806651 - 899989
2354. 806651 - 900661
2355. 806651 - 904042
2356. 806651 - 906993
2357. 806651 - 907317
2358. 806651 - 915804
2359. 806651 - 923611
2360. 806651 - 925513
2361. 807068 - 888763
2362. 807068 - 890205
2363. 807068 - 891287
2364. 807068 - 892145
2365. 807068 - 896186
2366. 807068 - 897419
2367. 807068 - 899709
2368. 807068 - 899989
2369. 807068 - 900661
2370. 807068 - 904042
2371. 807068 - 906993
2372. 807068 - 907317
2373. 807068 - 915804
2374. 807068 - 923611
2375. 807068 - 925513
2376. 808836 - 890205
2377. 808836 - 891287
2378. 808836 - 892145
2379. 808836 - 896186
2380. 808836 - 897419
2381. 808836 - 899709
2382. 808836 - 899989
2383. 808836 - 900661
2384. 808836 - 904042
2385. 808836 - 906993
2386. 808836 - 907317
2387. 808836 - 915804
2388. 808836 - 923611
2389. 808836 - 925513
2390. 808836 - 928061
2391. 812532 - 896186
2392. 812532 - 897419
2393. 812532 - 899709
2394. 812532 - 899989
2395. 812532 - 900661
2396. 812532 - 904042
2397. 812532 - 906993
2398. 812532 - 907317
2399. 812532 - 915804
2400. 812532 - 923611
2401. 812532 - 925513
2402. 812532 - 928061
2403. 812532 - 930657
2404. 812532 - 932088
2405. 812532 - 932520
2406. 816213 - 897419
2407. 816213 - 899709
2408. 816213 - 899989
2409. 816213 - 900661
2410. 816213 - 904042
2411. 816213 - 906993
2412. 816213 - 907317
2413. 816213 - 915804
2414. 816213 - 923611
2415. 816213 - 925513
2416. 816213 - 928061
2417. 816213 - 930657
2418. 816213 - 932088
2419. 816213 - 932520
2420. 816213 - 932566
2421. 816213 - 933840
2422. 818208 - 899709
2423. 818208 - 899989
2424. 818208 - 900661
2425. 818208 - 904042
2426. 818208 - 906993
2427. 818208 - 907317
2428. 818208 - 915804
2429. 818208 - 923611
2430. 818208 - 925513
2431. 818208 - 928061
2432. 818208 - 930657
2433. 818208 - 932088
2434. 818208 - 932520
2435. 818208 - 932566
2436. 818208 - 933840
2437. 828923 - 915804
2438. 828923 - 923611
2439. 828923 - 925513
2440. 828923 - 928061
2441. 828923 - 930657
2442. 828923 - 932088
2443. 828923 - 932520
2444. 828923 - 932566
2445. 828923 - 933840
2446. 838194 - 923611
2447. 838194 - 925513
2448. 838194 - 928061
2449. 838194 - 930657
2450. 838194 - 932088
2451. 838194 - 932520
2452. 838194 - 932566
2453. 838194 - 933840
2454. 838194 - 949327
2455. 838194 - 957369
2456. 838194 - 957643
2457. 839023 - 923611
2458. 839023 - 925513
2459. 839023 - 928061
2460. 839023 - 930657
2461. 839023 - 932088
2462. 839023 - 932520
2463. 839023 - 932566
2464. 839023 - 933840
2465. 839023 - 949327
2466. 839023 - 957369
2467. 839023 - 957643
2468. 846168 - 928061
2469. 846168 - 930657
2470. 846168 - 932088
2471. 846168 - 932520
2472. 846168 - 932566
2473. 846168 - 933840
2474. 846168 - 949327
2475. 846168 - 957369
2476. 846168 - 957643
2477. 846168 - 962497
2478. 850505 - 930657
2479. 850505 - 932088
2480. 850505 - 932520
2481. 850505 - 932566
2482. 850505 - 933840
2483. 850505 - 949327
2484. 850505 - 957369
2485. 850505 - 957643
2486. 850505 - 962497
2487. 850505 - 970504
2488. 854576 - 949327
2489. 854576 - 957369
2490. 854576 - 957643
2491. 854576 - 962497
2492. 854576 - 970504
2493. 855261 - 949327
2494. 855261 - 957369
2495. 855261 - 957643
2496. 855261 - 962497
2497. 855261 - 970504
2498. 858044 - 949327
2499. 858044 - 957369
2500. 858044 - 957643
2501. 858044 - 962497
2502. 858044 - 970504
2503. 858044 - 975596
2504. 858044 - 977620
2505. 859284 - 949327
2506. 859284 - 957369
2507. 859284 - 957643
2508. 859284 - 962497
2509. 859284 - 970504
2510. 859284 - 975596
2511. 859284 - 977620
2512. 866062 - 949327
2513. 866062 - 957369
2514. 866062 - 957643
2515. 866062 - 962497
2516. 866062 - 970504
2517. 866062 - 975596
2518. 866062 - 977620
2519. 866062 - 985458
2520. 867967 - 949327
2521. 867967 - 957369
2522. 867967 - 957643
2523. 867967 - 962497
2524. 867967 - 970504
2525. 867967 - 975596
2526. 867967 - 977620
2527. 867967 - 985458
2528. 868241 - 949327
2529. 868241 - 957369
2530. 868241 - 957643
2531. 868241 - 962497
2532. 868241 - 970504
2533. 868241 - 975596
2534. 868241 - 977620
2535. 868241 - 985458
2536. 873623 - 957369
2537. 873623 - 957643
2538. 873623 - 962497
2539. 873623 - 970504
2540. 873623 - 975596
2541. 873623 - 977620
2542. 873623 - 985458
2543. 873623 - 992319
2544. 876387 - 957369
2545. 876387 - 957643
2546. 876387 - 962497
2547. 876387 - 970504
2548. 876387 - 975596
2549. 876387 - 977620
2550. 876387 - 985458
2551. 876387 - 992319
2552. 880196 - 962497
2553. 880196 - 970504
2554. 880196 - 975596
2555. 880196 - 977620
2556. 880196 - 985458
2557. 880196 - 992319
2558. 880196 - 997921
2559. 880196 - 999472
2560. 886058 - 970504
2561. 886058 - 975596
2562. 886058 - 977620
2563. 886058 - 985458
2564. 886058 - 992319
2565. 886058 - 997921
2566. 886058 - 999472
2567. 888763 - 970504
2568. 888763 - 975596
2569. 888763 - 977620
2570. 888763 - 985458
2571. 888763 - 992319
2572. 888763 - 997921
2573. 888763 - 999472
2574. 890205 - 970504
2575. 890205 - 975596
2576. 890205 - 977620
2577. 890205 - 985458
2578. 890205 - 992319
2579. 890205 - 997921
2580. 890205 - 999472
2581. 891287 - 975596
2582. 891287 - 977620
2583. 891287 - 985458
2584. 891287 - 992319
2585. 891287 - 997921
2586. 891287 - 999472
2587. 892145 - 975596
2588. 892145 - 977620
2589. 892145 - 985458
2590. 892145 - 992319
2591. 892145 - 997921
2592. 892145 - 999472
2593. 896186 - 977620
2594. 896186 - 985458
2595. 896186 - 992319
2596. 896186 - 997921
2597. 896186 - 999472
2598. 897419 - 977620
2599. 897419 - 985458
2600. 897419 - 992319
2601. 897419 - 997921
2602. 897419 - 999472
2603. 899709 - 985458
2604. 899709 - 992319
2605. 899709 - 997921
2606. 899709 - 999472
2607. 899989 - 985458
2608. 899989 - 992319
2609. 899989 - 997921
2610. 899989 - 999472
2611. 900661 - 985458
2612. 900661 - 992319
2613. 900661 - 997921
2614. 900661 - 999472
2615. 904042 - 985458
2616. 904042 - 992319
2617. 904042 - 997921
2618. 904042 - 999472
2619. 906993 - 992319
2620. 906993 - 997921
2621. 906993 - 999472
2622. 907317 - 992319
2623. 907317 - 997921
2624. 907317 - 999472
2625. 915804 - 997921
2626. 915804 - 999472
